1 0.234059 0.927215 0.0116696 0.0184915
1 0.216943 0.901073 0.0149603 0.0207608
1 0.0863425 0.796241 0.0202259 0.0257346
1 0.245522 0.913651 0.0134389 0.0201085
0 0.130201 0.841743 0.0209469 0.02732
1 0.111947 0.49847 0.0176926 0.0207266
1 0.12162 0.584531 0.01603 0.0202762
0 0.484558 0.738713 0.0147895 0.0243573
1 0.239323 0.733409 0.0136063 0.018524
0 0.598267 0.74458 0.013957 0.0208014
0 0.257156 0.712534 0.0154192 0.0227256
0 0.32532 0.552916 0.0146235 0.0202545
0 0.423004 0.568881 0.0156101 0.0216233
0 0.429051 0.628923 0.0140873 0.0222663
0 0.409789 0.714448 0.0146751 0.0228527
0 0.566246 0.208987 0.0137965 0.0219405
0 0.500887 0.522108 0.0139303 0.0209097
0 0.442538 0.397029 0.0137935 0.0210922
0 0.663633 0.479893 0.0113071 0.0161636
0 0.504413 0.869481 0.0117393 0.0197035
0 0.139358 0.811707 0.0221612 0.0269171
0 0.599982 0.761828 0.0114213 0.0176792
0 0.418961 0.653494 0.014114 0.0200811
0 0.459323 0.398365 0.0140051 0.0186173
0 0.346617 0.643732 0.0116525 0.0159393
0 0.432542 0.546164 0.0152312 0.0213915
0 0.671837 0.829748 0.0127338 0.0210223
1 0.230201 0.94785 0.0113409 0.0192592
0 0.587924 0.194009 0.0111579 0.016912
1 0.108333 0.593737 0.0142389 0.0151491
0 0.540932 0.211316 0.0116285 0.0208498
0 0.644542 0.807289 0.0121333 0.0186835
0 0.597327 0.791095 0.0125569 0.0212991
0 0.575428 0.0419263 0.00991631 0.0153204
0 0.617151 0.222439 0.00993195 0.015477
0 0.573819 0.0118557 0.0101559 0.0163015
0 0.44251 0.413924 0.0127329 0.015607
0 0.632574 0.612027 0.00918986 0.0130669
0 0.545138 0.00701523 0.0135475 0.0149372
0 0.525997 0.290143 0.00739539 0.0118546
0 0.559558 0.0379386 0.00972589 0.0156336
0 0.35045 0.735198 0.0118254 0.0192074
0 0.573064 0.118095 0.00919971 0.013905
0 0.553991 0.835518 0.014181 0.0196161
0 0.222462 0.524873 0.0129463 0.018904
0 0.582857 0.182671 0.0108823 0.0143504
0 0.613592 0.205667 0.00962245 0.0142243
0 0.619949 0.423246 0.00832011 0.0111312
0 0.391855 0.394928 0.0115972 0.0173961
0 0.647006 0.604607 0.00820459 0.0127438
