0 0.549431 0.115235 0.0140669 0.0264871
0 0.339227 0.299239 0.0167344 0.0244943
0 0.434547 0.252803 0.016902 0.0256067
0 0.528419 0.113107 0.0124821 0.0217267
0 0.42874 0.29919 0.0178511 0.0249038
0 0.540833 0.272036 0.015138 0.0245694
0 0.341684 0.390875 0.0150126 0.0208747
0 0.644005 0.406155 0.0147455 0.0253022
0 0.398955 0.542911 0.0147761 0.0238381
0 0.448039 0.51373 0.0145228 0.0235153
0 0.518348 0.781159 0.011732 0.0191022
0 0.477241 0.604762 0.012361 0.0203223
0 0.572286 0.583606 0.0117525 0.0170829
0 0.357515 0.729897 0.0126402 0.0203764
0 0.482943 0.238418 0.0150906 0.0224708
0 0.460072 0.241801 0.0131643 0.022969
0 0.359664 0.411395 0.014896 0.0189101
0 0.530956 0.786142 0.0117159 0.0189948
0 0.554847 0.375562 0.0152987 0.0243654
0 0.388638 0.733341 0.0123555 0.0191835
0 0.632578 0.934306 0.00942415 0.0138571
0 0.572475 0.557287 0.00927531 0.0144165
0 0.474136 0.260656 0.0122016 0.0190329
0 0.412245 0.74095 0.0129037 0.0200505
0 0.624839 0.95634 0.00974464 0.0112863
0 0.600701 0.356817 0.0116098 0.0186517
0 0.57001 0.215279 0.0100461 0.0175863
0 0.635903 0.915839 0.00981929 0.0144761
0 0.58104 0.663087 0.0106606 0.01652
0 0.613936 0.661325 0.00950813 0.01535
0 0.609689 0.828342 0.00765845 0.0127629
0 0.331376 0.590931 0.0094985 0.0140455
0 0.569916 0.546555 0.00970968 0.0140028
0 0.590657 0.349019 0.0132484 0.0199049
0 0.555089 0.259768 0.013209 0.0209879
1 0.339015 0.71413 0.0119984 0.0168735
0 0.613249 0.893079 0.00943705 0.012544
0 0.589281 0.614897 0.0102526 0.0156226
1 0.597471 0.678221 0.0101812 0.0147901
0 0.584685 0.366 0.0122408 0.0188159
0 0.623795 0.423678 0.0118096 0.0191922
1 0.248814 0.963095 0.0124736 0.023083
0 0.640684 0.858254 0.00835247 0.0116099
0 0.64827 0.870169 0.00790215 0.0122168
1 0.0872661 0.400637 0.0199184 0.0219629
0 0.350474 0.586941 0.00924711 0.0146961
0 0.2339 0.52739 0.011365 0.0155026
0 0.608572 0.537573 0.00997855 0.0148502
0 0.636275 0.871539 0.00861263 0.0113214
0 0.639048 0.895498 0.00851167 0.0125964
0 0.555032 0.744901 0.0102366 0.0183959
0 0.653318 0.892374 0.00901146 0.0111376
1 0.611662 0.686979 0.00921561 0.0162742
0 0.604403 0.622807 0.00823116 0.0127964
0 0.559155 0.897194 0.00767682 0.0109425
0 0.579274 0.591712 0.00893593 0.0121391
0 0.611674 0.945165 0.00936635 0.0139886
1 0.0114706 0.153056 0.02256 0.0454062
