0 0.393428 0.588194 0.0109301 0.0156286
0 0.406221 0.597729 0.0105568 0.0152347
0 0.468839 0.495581 0.00974846 0.0150938
0 0.39857 0.495486 0.00997394 0.0146327
0 0.401953 0.532621 0.0104035 0.0133003
0 0.464431 0.539858 0.00948321 0.0134325
0 0.475653 0.509849 0.00953525 0.0110383
0 0.401442 0.608898 0.00966263 0.0114016
0 0.480741 0.287089 0.00826375 0.0118731
0 0.573227 0.166822 0.0082456 0.0122884
0 0.441395 0.606331 0.00904751 0.0105472
1 0.33999 0.397353 0.00963484 0.0145924
0 0.400481 0.577055 0.0103882 0.0123024
0 0.501998 0.314669 0.0085735 0.0137516
0 0.476663 0.520499 0.00916929 0.0113709
0 0.431043 0.538226 0.00846211 0.0112654
0 0.579048 0.00619578 0.00948143 0.0128947
0 0.577666 0.159553 0.00809879 0.0127798
0 0.42456 0.0304815 0.0109617 0.0160498
0 0.374107 0.204869 0.0101634 0.0142576
0 0.430511 0.526421 0.0100199 0.0130237
0 0.492131 0.0464554 0.00935847 0.0150431
1 0.382907 0.434263 0.00772715 0.010058
0 0.575567 0.88247 0.00840708 0.0106594
0 0.54434 0.104988 0.00884291 0.0159333
1 0.303338 0.33225 0.0106384 0.0131852
0 0.474339 0.276192 0.00838935 0.011968
1 0.357499 0.474597 0.00926031 0.0143746
