0 0.427591 0.489381 0.0146912 0.0233381
0 0.383216 0.557843 0.0137506 0.0211223
0 0.439386 0.388522 0.0139222 0.0210297
0 0.543612 0.414616 0.0115604 0.0178342
0 0.295785 0.554659 0.0137631 0.0203132
0 0.325208 0.281158 0.0128931 0.0194797
0 0.562416 0.454023 0.0105188 0.0170418
0 0.192347 0.602581 0.0132631 0.0191003
0 0.418727 0.478139 0.0148685 0.0215366
0 0.425189 0.742526 0.0114858 0.0181715
0 0.611258 0.6724 0.0103299 0.0177475
0 0.502462 0.0615284 0.0110797 0.0178229
0 0.584755 0.799422 0.0080644 0.0145336
0 0.373863 0.47368 0.0148292 0.022369
0 0.414589 0.0551312 0.0117974 0.0187625
0 0.635574 0.603932 0.0105577 0.0157235
0 0.345921 0.444565 0.0146486 0.020601
0 0.608966 0.625867 0.0109371 0.0187196
0 0.308772 0.485622 0.0139418 0.0208105
0 0.397631 0.717026 0.0115181 0.0179232
0 0.397611 0.597677 0.0126468 0.0172615
0 0.422773 0.394803 0.0118233 0.0181636
0 0.484615 0.203754 0.0106015 0.0172004
0 0.287528 0.490815 0.0125548 0.0183872
0 0.613739 0.500885 0.0101158 0.0142448
0 0.353924 0.561069 0.0140626 0.0198001
0 0.545612 0.153718 0.00979029 0.0144112
0 0.630428 0.512425 0.0107054 0.0133771
0 0.395579 0.609832 0.0122105 0.0144479
0 0.409332 0.670853 0.0106667 0.0174585
0 0.279484 0.679516 0.0120922 0.0183133
0 0.274274 0.618635 0.0107958 0.015025
0 0.519988 0.746532 0.0089873 0.0135445
0 0.446983 0.490314 0.0140204 0.0195793
0 0.434039 0.335753 0.011296 0.0180215
0 0.600876 0.600537 0.0114287 0.0150274
0 0.501963 0.814176 0.0086696 0.0127141
0 0.507945 0.129154 0.00973377 0.0165965
0 0.394016 0.52541 0.0135804 0.0201937
0 0.204543 0.597419 0.0106882 0.0148164
0 0.489384 0.150573 0.00957667 0.0149269
0 0.411421 0.132372 0.010404 0.016875
0 0.314953 0.498343 0.01393 0.0194662
0 0.532306 0.18976 0.00888551 0.0138963
0 0.477623 0.10982 0.0089949 0.0134272
0 0.632405 0.556045 0.00991554 0.0125299
0 0.449174 0.562061 0.0126397 0.0186411
0 0.62154 0.573833 0.0102155 0.01307
0 0.599218 0.497734 0.0104519 0.013219
1 0.397542 0.897945 0.008249 0.0138456
0 0.351511 0.456443 0.0148327 0.0183611
0 0.494059 0.767852 0.0088253 0.0122697
0 0.358282 0.505255 0.0120531 0.0170573
0 0.533843 0.312926 0.0101584 0.0149674
0 0.393309 0.823143 0.00992829 0.0148653
0 0.332416 0.747269 0.0117136 0.0147421
0 0.283996 0.624769 0.0118312 0.0164037
0 0.310905 0.523744 0.0142023 0.017486
0 0.555092 0.418561 0.00807724 0.0124252
0 0.396656 0.974719 0.0110967 0.0166221
0 0.424768 0.00485048 0.011078 0.0103756
