1 0.163779 0.869319 0.0140333 0.0238465
0 0.239033 0.445609 0.0195055 0.0232542
1 0.0922482 0.249776 0.0221148 0.0253901
0 0.56499 0.339881 0.0116365 0.0209211
0 0.271026 0.433784 0.019858 0.0274599
0 0.471623 0.697049 0.0121895 0.0189828
0 0.513757 0.463025 0.0138711 0.0219661
0 0.448593 0.638011 0.0115552 0.0171713
0 0.460224 0.622059 0.0125435 0.0187698
0 0.262548 0.895431 0.0149046 0.0233435
1 0.268042 0.106948 0.0116628 0.0263291
0 0.437014 0.104622 0.0116921 0.0193291
0 0.174488 0.679545 0.0160343 0.0198802
0 0.588639 0.666648 0.0122343 0.0204005
0 0.469986 0.674778 0.0127531 0.0186651
0 0.359666 0.768638 0.0117145 0.0171841
0 0.501108 0.334902 0.0126069 0.0198067
0 0.516212 0.830372 0.0106679 0.0199083
0 0.517735 0.334999 0.0119313 0.0207018
0 0.365593 0.776885 0.0110715 0.0168133
0 0.334386 0.204168 0.0153212 0.0225054
0 0.427673 0.479401 0.0118319 0.0184915
0 0.444827 0.438034 0.0136385 0.0216323
0 0.351805 0.409361 0.0141029 0.0211908
0 0.548454 0.371489 0.0116849 0.0194504
0 0.507113 0.364795 0.01195 0.0200233
0 0.543076 0.838606 0.00962149 0.0155946
0 0.561837 0.627401 0.0120363 0.0196364
1 0.290733 0.801588 0.0104854 0.0154782
0 0.57079 0.361494 0.00990696 0.0177374
0 0.496302 0.841392 0.00888128 0.0131456
0 0.495732 0.24355 0.0085983 0.0141421
0 0.486688 0.443424 0.0115536 0.0173499
0 0.373424 0.225389 0.0137878 0.018533
0 0.464014 0.792187 0.0085508 0.0131763
1 0.096848 0.915844 0.0154255 0.0255988
0 0.448371 0.79811 0.00823561 0.013652
0 0.551108 0.360109 0.00968634 0.0138107
0 0.451453 0.591383 0.00941849 0.0148637
