0 0.315182 0.532935 0.0132641 0.019876
0 0.43966 0.832134 0.0129225 0.020637
0 0.551394 0.730428 0.0117964 0.0182694
0 0.410684 0.669113 0.0121305 0.0185474
0 0.52878 0.271873 0.0102076 0.0170935
0 0.546695 0.473159 0.0121227 0.0194357
0 0.5695 0.671768 0.0131116 0.0180767
0 0.477223 0.252062 0.00986382 0.0145888
1 0.251902 0.842066 0.0110509 0.0185774
0 0.47121 0.543079 0.01211 0.0182372
0 0.570464 0.788507 0.0100881 0.0174148
1 0.191567 0.784369 0.00940367 0.0154999
0 0.579578 0.684603 0.0107932 0.0172203
0 0.473796 0.239906 0.00888109 0.0122752
0 0.498396 0.14258 0.00970974 0.0154454
0 0.504075 0.292304 0.0100894 0.0151015
0 0.270128 0.962525 0.0146638 0.024619
0 0.58482 0.147616 0.00819219 0.0124939
0 0.461846 0.755855 0.0146377 0.025458
0 0.552481 0.484125 0.0107297 0.014559
0 0.555758 0.766843 0.0104315 0.0164993
0 0.432791 0.641681 0.011734 0.0164885
0 0.383333 0.844574 0.0117636 0.0200799
0 0.548931 0.160759 0.00833855 0.0132726
0 0.515834 0.17513 0.00907803 0.0135579
0 0.435736 0.845846 0.0113429 0.0151934
0 0.507217 0.217671 0.00947558 0.0127876
0 0.584473 0.276313 0.00846736 0.0126734
0 0.495387 0.19012 0.00854559 0.0113947
0 0.428794 0.782982 0.011877 0.0200678
1 0.330781 0.178322 0.0100985 0.0160415
0 0.591047 0.729865 0.0113539 0.0183376
0 0.384063 0.172769 0.0102619 0.0148834
0 0.285176 0.990354 0.0148387 0.0193031
0 0.557529 0.885031 0.0110693 0.0156253
0 0.48396 0.197547 0.00889772 0.0126657
0 0.563467 0.195824 0.00828203 0.0113191
0 0.448056 0.904609 0.0107836 0.0191899
0 0.475096 0.159555 0.00917482 0.0131987
0 0.540532 0.504545 0.0120883 0.0178501
0 0.360122 0.0644059 0.0118464 0.0180908
0 0.522281 0.67548 0.0110854 0.0178047
0 0.493747 0.344822 0.00947975 0.0134426
1 0.192995 0.847984 0.0166518 0.026618
0 0.489242 0.00391802 0.0116967 0.00825399
0 0.380976 0.720242 0.0113625 0.0184486
0 0.529009 0.886186 0.00961637 0.0171408
