1 0.287418 0.709885 0.011491 0.0167151
0 0.590385 0.40074 0.00941086 0.0156776
1 0.297912 0.553765 0.0105304 0.0157515
0 0.596921 0.354281 0.00915222 0.0149638
0 0.536576 0.340407 0.00902176 0.015322
0 0.425212 0.371426 0.0124018 0.0178229
0 0.517531 0.443603 0.00974452 0.0161183
0 0.5253 0.349403 0.00977208 0.0156096
0 0.467679 0.310737 0.0113502 0.0181182
0 0.391534 0.413797 0.0121473 0.0165257
0 0.564225 0.78967 0.0080115 0.0110729
0 0.567763 0.503411 0.00990334 0.0142465
0 0.554212 0.516748 0.0112851 0.0179168
0 0.397176 0.369999 0.0130424 0.0209832
0 0.590593 0.430876 0.00980269 0.0135372
0 0.429374 0.306262 0.0113957 0.0172371
0 0.534762 0.721221 0.00895236 0.0119184
0 0.471512 0.372723 0.00926158 0.0139967
0 0.647769 0.593842 0.0113182 0.0144142
0 0.381897 0.705572 0.0109781 0.0174028
0 0.559236 0.78061 0.00886835 0.0104045
0 0.501856 0.358155 0.00923128 0.0135153
1 0.45644 0.730302 0.0100531 0.0170609
0 0.530904 0.556185 0.00932833 0.011909
0 0.512855 0.365482 0.00918531 0.0123337
0 0.458769 0.288069 0.0112673 0.0163963
1 0.316703 0.206439 0.0108835 0.0171721
0 0.465746 0.686082 0.00996396 0.0158447
0 0.466835 0.698206 0.00928202 0.0138773
0 0.421282 0.385705 0.0112272 0.0168374
1 0.320967 0.693618 0.0105045 0.019679
0 0.533838 0.731065 0.00843999 0.0106819
0 0.55024 0.708932 0.00861359 0.013717
0 0.623183 0.70403 0.00739396 0.012551
0 0.530273 0.183496 0.00813007 0.0126826
0 0.548299 0.617653 0.00991955 0.0121505
0 0.600862 0.640367 0.0081419 0.0119242
0 0.544655 0.629333 0.00924085 0.0119285
0 0.453221 0.349449 0.00955652 0.014646
0 0.580129 0.0348489 0.00783393 0.00991389
0 0.56707 0.768892 0.00758565 0.0117619
0 0.597262 0.552772 0.00896149 0.0113808
0 0.548379 0.408259 0.00812639 0.0107533
