0 0.235304 0.476722 0.0231085 0.0321078
1 0.201458 0.867477 0.0123672 0.0183617
0 0.441382 0.165206 0.0125384 0.0195799
0 0.511222 0.595114 0.0125154 0.0200473
0 0.571555 0.542359 0.0128671 0.0200852
0 0.520602 0.66999 0.0114446 0.0183194
0 0.341814 0.387939 0.0139053 0.0184259
0 0.426429 0.497783 0.0137518 0.0214539
0 0.593777 0.421165 0.0114473 0.0177891
0 0.596353 0.367796 0.0113494 0.0182692
0 0.586793 0.32715 0.0108182 0.0170546
0 0.599451 0.578086 0.0108587 0.0182626
0 0.485971 0.873288 0.0099171 0.0163812
0 0.512125 0.510105 0.0116644 0.0180149
0 0.387716 0.533261 0.014237 0.0208788
0 0.233298 0.571768 0.0180223 0.0259024
0 0.382838 0.720016 0.0104839 0.0168435
0 0.59609 0.943703 0.00817833 0.0121927
0 0.667781 0.463498 0.00920188 0.0110696
0 0.527992 0.978357 0.00846256 0.0136794
0 0.449964 0.593746 0.0118319 0.0165383
0 0.388868 0.321571 0.0118315 0.016992
1 0.210519 0.994882 0.014802 0.0104709
1 0.135137 0.897201 0.0109556 0.0150698
0 0.608773 0.331597 0.0104611 0.0150778
0 0.342963 0.215146 0.00981379 0.0142718
0 0.39175 0.37966 0.0133734 0.0208157
0 0.514512 0.493913 0.0118294 0.0176708
0 0.580326 0.535942 0.0118202 0.0175166
0 0.520959 0.511152 0.0118027 0.0198092
0 0.667823 0.45287 0.0100908 0.0116637
0 0.656748 0.478789 0.00933005 0.0132808
0 0.520675 0.974451 0.00791788 0.0123698
0 0.623674 0.421306 0.0134132 0.0172585
0 0.545774 0.607635 0.0105438 0.0150232
0 0.564585 0.911993 0.00731443 0.0114304
0 0.574032 0.943025 0.00805677 0.011944
0 0.42073 0.0529885 0.00938635 0.0170186
1 0.158103 0.423583 0.0142195 0.0210504
0 0.601665 0.917944 0.00706177 0.0118332
0 0.539514 0.649197 0.0100787 0.0128993
0 0.375567 0.792436 0.0106237 0.0170887
0 0.616825 0.996358 0.00801411 0.00775686
1 0.156051 0.99128 0.0123406 0.0170648
0 0.403859 0.745568 0.0100142 0.0150988
0 0.546654 0.697205 0.00936909 0.0153774
0 0.496936 0.676427 0.0092775 0.0132334
0 0.549265 0.473195 0.0115463 0.0183032
