0 0.321061 0.770255 0.0169861 0.0231209
0 0.392245 0.703085 0.0184812 0.0297852
1 0.110192 0.975611 0.0175337 0.0244232
0 0.302751 0.667016 0.0193521 0.0269668
0 0.485677 0.659876 0.0167853 0.0253961
0 0.637938 0.593824 0.0159084 0.0258605
0 0.561 0.610432 0.015733 0.0257505
0 0.617589 0.438787 0.0147215 0.0243395
0 0.33425 0.866353 0.0135132 0.0199157
0 0.544106 0.712105 0.0159472 0.0276054
0 0.584247 0.750291 0.0183778 0.0341159
0 0.574432 0.628531 0.0159855 0.0241404
0 0.53059 0.600824 0.0136918 0.0233053
0 0.514648 0.0851641 0.0144968 0.0230404
0 0.619445 0.391716 0.0176921 0.0256609
0 0.378387 0.0601088 0.0129244 0.0189981
0 0.464445 0.835538 0.0174969 0.0286559
0 0.589527 0.719597 0.0199378 0.0290921
0 0.631624 0.613509 0.0146076 0.0185126
0 0.635417 0.275994 0.00798607 0.0153891
0 0.579375 0.47929 0.013695 0.0207044
0 0.600827 0.347109 0.012431 0.0208749
0 0.674036 0.350334 0.0109423 0.0167656
0 0.68812 0.433387 0.0098381 0.0155701
0 0.458703 0.807145 0.017438 0.0307952
0 0.588538 0.787624 0.0143792 0.0253213
0 0.611036 0.915014 0.00927321 0.0153585
0 0.392999 0.582965 0.0184923 0.0291949
0 0.593833 0.912511 0.0101841 0.0161731
0 0.377915 0.807916 0.0141362 0.0234884
0 0.651378 0.312658 0.0110566 0.0161668
0 0.541868 0.502238 0.0109018 0.0165871
0 0.640337 0.350993 0.0125725 0.0180147
0 0.443747 0.151124 0.0140599 0.0210325
0 0.661511 0.691802 0.0144322 0.0208263
0 0.698 0.434917 0.00824598 0.0143832
0 0.285514 0.877089 0.00968005 0.0155107
0 0.581934 0.518445 0.010914 0.0170739
0 0.448899 0.446344 0.0130052 0.018586
0 0.437727 0.614799 0.0149903 0.022375
0 0.340157 0.657721 0.0182968 0.0225717
0 0.633673 0.451283 0.00990639 0.0152029
0 0.627659 0.873797 0.0088227 0.0146527
0 0.574814 0.44332 0.0147165 0.0238197
0 0.695913 0.374646 0.00800082 0.011475
