0 0.386316 0.616768 0.0113163 0.0175566
0 0.349707 0.52968 0.0120977 0.0204368
0 0.356816 0.659835 0.0114778 0.0174891
0 0.398611 0.506953 0.0117962 0.018988
0 0.506532 0.148081 0.00922286 0.0140585
0 0.499547 0.191854 0.00911083 0.0140847
0 0.465352 0.241873 0.00929476 0.0132031
0 0.447244 0.494698 0.0106608 0.0156988
0 0.474612 0.213024 0.00944764 0.0145929
0 0.509914 0.109145 0.00982068 0.0152902
0 0.311197 0.576051 0.01293 0.019207
0 0.521438 0.219973 0.00802552 0.012622
0 0.36127 0.698372 0.0122828 0.0190177
0 0.415899 0.677337 0.0117226 0.0177989
0 0.345771 0.423668 0.0125937 0.0215299
0 0.465147 0.930588 0.009705 0.0156406
0 0.395275 0.424004 0.0100902 0.0162521
0 0.470932 0.00553964 0.0111763 0.012246
0 0.499311 0.2922 0.0089612 0.0133377
1 0.364602 0.215467 0.00814368 0.0129997
0 0.614472 0.962952 0.00760829 0.0110314
0 0.315716 0.384893 0.0129864 0.0169
0 0.447949 0.602966 0.00950486 0.0134296
0 0.381083 0.518183 0.0123432 0.0190754
0 0.483406 0.535437 0.00895665 0.0122123
0 0.481911 0.193466 0.00902265 0.013379
0 0.377112 0.232454 0.00935634 0.0159477
0 0.351769 0.598147 0.0110685 0.0165586
0 0.491688 0.12767 0.00986837 0.0153218
0 0.491967 0.178382 0.00888586 0.013429
0 0.318848 0.372829 0.0125128 0.0172718
0 0.478337 0.230167 0.00824226 0.0113671
0 0.305559 0.48894 0.0113989 0.0170003
0 0.453501 0.374276 0.00895363 0.0128909
0 0.465169 0.28145 0.00834322 0.012483
0 0.432928 0.207493 0.00960916 0.0147502
0 0.626599 0.0333301 0.00857067 0.0129276
0 0.450597 0.0349779 0.0098684 0.016774
0 0.563011 0.62789 0.0078118 0.00965571
