0 0.412039 0.724491 0.0180217 0.0303105
0 0.463034 0.446039 0.0172323 0.0234796
0 0.347308 0.640989 0.0146576 0.0239922
0 0.513086 0.477954 0.0178172 0.0269449
0 0.274547 0.663468 0.0167902 0.0217528
0 0.511429 0.917419 0.0132777 0.0216479
1 0.170989 0.327567 0.0178202 0.0234736
1 0.00401172 0.605076 0.00818499 0.0263196
0 0.147676 0.686611 0.0184264 0.0242573
1 0.190465 0.337171 0.0146994 0.0227104
0 0.646554 0.429758 0.0102136 0.0154763
0 0.558595 0.934013 0.010313 0.0167846
0 0.452853 0.486958 0.018067 0.0286483
0 0.540067 0.943582 0.0110107 0.0191391
0 0.586584 0.811073 0.0112702 0.0205145
0 0.606237 0.397573 0.0113775 0.0187984
0 0.243589 0.565666 0.0145641 0.0216673
1 0.315545 0.254124 0.0157259 0.0255342
0 0.394946 0.458571 0.0123638 0.0207639
0 0.652994 0.646711 0.00956643 0.0157402
0 0.542646 0.232184 0.0106092 0.0164718
0 0.506821 0.395953 0.0120077 0.0193
0 0.261213 0.857743 0.0171127 0.0270052
0 0.575262 0.852296 0.00961749 0.0165286
0 0.585135 0.78831 0.0104501 0.0174131
0 0.647475 0.483159 0.00917136 0.0134452
0 0.2969 0.595283 0.0159439 0.0239848
0 0.548183 0.951413 0.00951729 0.014192
0 0.349258 0.600881 0.0173595 0.0214085
0 0.596463 0.861757 0.00966619 0.0158964
0 0.63163 0.456835 0.0100206 0.0143185
1 0.141198 0.537778 0.0104182 0.0154993
0 0.676303 0.640844 0.00944913 0.0132899
0 0.559693 0.995301 0.00969461 0.0100579
0 0.61801 0.518417 0.00945346 0.0132238
0 0.54191 0.994921 0.0110434 0.0110119
