0 0.301775 0.551971 0.0193846 0.0265531
1 0.107255 0.624762 0.0178333 0.0195998
1 0.200513 0.922116 0.0159914 0.0258661
0 0.572792 0.32285 0.0159889 0.0243366
0 0.28447 0.770707 0.0152371 0.0260805
0 0.372737 0.0512743 0.0186557 0.0301749
0 0.50788 0.187825 0.0140369 0.023004
0 0.454093 0.247314 0.0196276 0.0339766
1 0.0823029 0.180526 0.023308 0.0272587
0 0.279581 0.739317 0.0177178 0.0241179
0 0.402889 0.341169 0.0217552 0.0351546
0 0.443585 0.306991 0.0182504 0.0255312
0 0.32973 0.582274 0.0161002 0.0259492
0 0.512235 0.579601 0.014707 0.0219239
0 0.363322 0.691227 0.0128589 0.0185155
0 0.511381 0.139368 0.0148294 0.025688
0 0.538828 0.315193 0.0145565 0.022502
0 0.376841 0.541847 0.0154748 0.0220587
0 0.460203 0.766733 0.0105421 0.0179525
0 0.350224 0.901949 0.0127688 0.0213977
0 0.482534 0.799386 0.0101081 0.0186357
0 0.596853 0.7898 0.0119061 0.0199642
0 0.480002 0.341508 0.0171384 0.0249844
0 0.34738 0.0247747 0.0134913 0.019839
0 0.601209 0.436156 0.00992285 0.0153821
0 0.390723 0.70889 0.00976865 0.0151343
0 0.638287 0.318437 0.00973676 0.0142991
0 0.27898 0.972962 0.0164722 0.0276439
0 0.23709 0.742445 0.0145835 0.0222359
0 0.581776 0.342069 0.0128881 0.0200466
0 0.466325 0.407029 0.0179291 0.0280126
0 0.227518 0.890908 0.0140147 0.0228767
0 0.374613 0.748648 0.0128175 0.0183703
0 0.477865 0.474803 0.0151263 0.0215457
0 0.300461 0.215544 0.0221611 0.0287555
0 0.34252 0.865097 0.0108175 0.0165065
0 0.642339 0.335376 0.00950896 0.0154871
0 0.396719 0.125457 0.018521 0.0264792
0 0.570116 0.780725 0.013032 0.0166314
0 0.581362 0.708981 0.0115493 0.0162077
0 0.313269 0.0858516 0.0106533 0.0174028
0 0.449808 0.386325 0.0212309 0.0299811
0 0.551845 0.609078 0.011106 0.017403
0 0.602403 0.181392 0.00876198 0.0110571
0 0.530864 0.247789 0.0114211 0.0161946
1 0.175334 0.653324 0.0160524 0.021509
0 0.475384 0.010554 0.00903155 0.0152162
0 0.301456 0.143213 0.0112999 0.0187904
0 0.587419 0.454582 0.00796941 0.011197
0 0.539304 0.863571 0.00812829 0.0127072
0 0.488362 0.740943 0.0102067 0.0161405
