0 0.343339 0.67244 0.0129182 0.0174373
0 0.399899 0.698029 0.0107704 0.0164348
0 0.305418 0.746216 0.0119794 0.018112
0 0.434084 0.896138 0.0107831 0.0188763
0 0.408902 0.530986 0.0106006 0.0156237
0 0.498275 0.571625 0.0099404 0.0149481
0 0.608945 0.877688 0.0121633 0.0197098
0 0.564028 0.847693 0.0103039 0.0147798
1 0.270983 0.920876 0.0133914 0.0227775
0 0.501504 0.494778 0.00996265 0.0159605
0 0.331556 0.660371 0.0119599 0.0157782
0 0.320539 0.764366 0.0113525 0.0158576
0 0.387593 0.630404 0.010835 0.0163218
0 0.37016 0.779879 0.0103887 0.0162947
0 0.40312 0.352764 0.010803 0.0155365
0 0.396863 0.431205 0.0103533 0.0155989
0 0.568266 0.837592 0.0105137 0.0130747
0 0.464057 0.539273 0.00984599 0.0148511
0 0.503811 0.603101 0.00970341 0.0140731
0 0.396657 0.843889 0.0113106 0.0169389
0 0.644333 0.977211 0.0102908 0.016214
0 0.428744 0.887456 0.0100106 0.0156398
0 0.479849 0.554593 0.0114895 0.0148418
0 0.474193 0.502117 0.0104374 0.0146457
0 0.382522 0.374263 0.0110753 0.0178851
0 0.313968 0.355913 0.0124611 0.0178756
0 0.650596 0.913901 0.00929247 0.0126675
0 0.404589 0.671445 0.00896581 0.0155221
1 0.084462 0.503734 0.0182653 0.019482
0 0.668523 0.832465 0.0069788 0.0111466
0 0.636623 0.969199 0.00953115 0.0142808
1 0.319129 0.610789 0.0118033 0.0174752
0 0.440971 0.964757 0.0121851 0.0192368
1 0.31264 0.558721 0.0119543 0.0158282
0 0.484779 0.630693 0.0100178 0.0148953
0 0.60375 0.964432 0.0111291 0.0176124
0 0.374997 0.718962 0.0106645 0.0179058
1 0.300104 0.568852 0.0113534 0.0152991
0 0.414231 0.344922 0.010911 0.0149344
0 0.323782 0.634982 0.0122919 0.0188728
1 0.314266 0.294352 0.0104237 0.0159741
1 0.309408 0.335122 0.0114882 0.0139772
0 0.566323 0.946583 0.0101292 0.0156155
0 0.614892 0.945199 0.0108555 0.0146168
0 0.376085 0.329083 0.0117112 0.0165128
0 0.421413 0.61186 0.0102633 0.0141567
1 0.305174 0.419162 0.0115444 0.0164477
1 0.309701 0.57616 0.0117724 0.01686
0 0.52725 0.566799 0.0089927 0.0116041
0 0.545645 0.940346 0.0103651 0.0146434
0 0.409856 0.36058 0.0105285 0.0138483
0 0.656452 0.899916 0.00912813 0.0124591
