0 0.324011 0.611398 0.0136891 0.0196147
0 0.43236 0.555831 0.0127808 0.0178651
0 0.329785 0.46039 0.0137834 0.0207191
0 0.365999 0.934483 0.0146987 0.0223072
0 0.45079 0.117122 0.0118902 0.0189167
0 0.424389 0.568748 0.0118555 0.0195892
0 0.295769 0.655541 0.0138008 0.0209961
0 0.412832 0.0484287 0.0134649 0.0209114
0 0.50778 0.213805 0.0100037 0.0170279
0 0.47696 0.0360463 0.0124541 0.0215287
1 0.17221 0.781204 0.0147218 0.0190533
0 0.406263 0.878134 0.0156902 0.0237814
0 0.552335 0.873939 0.0093001 0.0173376
0 0.419872 0.973452 0.0128183 0.0183128
0 0.477373 0.217582 0.0100917 0.0182931
0 0.404705 0.408811 0.00953045 0.0150499
0 0.411806 0.960289 0.011975 0.016575
0 0.394462 0.416587 0.0109699 0.0140033
0 0.467515 0.448904 0.0115638 0.0188962
0 0.192962 0.477787 0.015725 0.0183169
0 0.400623 0.0980855 0.0129439 0.0209335
0 0.550579 0.1571 0.00974916 0.0159371
0 0.40343 0.454722 0.0112785 0.0170684
0 0.376321 0.0988447 0.0113287 0.0170445
0 0.440331 0.185991 0.0108506 0.0151875
0 0.366129 0.739654 0.0132343 0.0202584
0 0.439155 0.417023 0.00996281 0.0151408
0 0.509017 0.514712 0.00950111 0.0153702
0 0.278593 0.645057 0.014318 0.0193012
0 0.618678 0.960852 0.00944424 0.0147811
1 0.304745 0.727464 0.012757 0.0196005
0 0.542819 0.907843 0.0086832 0.0119789
0 0.49308 0.211639 0.00962645 0.0155942
0 0.347398 0.934578 0.0135544 0.0220601
0 0.568467 0.949665 0.00860742 0.0113059
0 0.316913 0.555053 0.0117922 0.017324
0 0.226979 0.554772 0.0181879 0.0228148
0 0.444395 0.43267 0.0105771 0.0169392
0 0.489139 0.142475 0.0106399 0.0171369
0 0.392475 0.43215 0.0105517 0.0142273
0 0.515896 0.932335 0.00915432 0.0152453
0 0.460493 0.179249 0.0102081 0.0155973
1 0.297209 0.795383 0.00890779 0.0150513
0 0.37766 0.379798 0.0110523 0.0158765
0 0.334625 0.701852 0.0146191 0.0246503
0 0.506412 0.23532 0.00947952 0.0142696
0 0.356417 0.622055 0.0106876 0.0151381
0 0.274908 0.622062 0.0127806 0.0183246
0 0.517676 0.581547 0.00938059 0.0136819
0 0.495658 0.690581 0.0108279 0.0189093
0 0.567138 0.215637 0.00862064 0.0120805
