0 0.453861 0.205959 0.0170492 0.0262011
0 0.381914 0.634211 0.0175862 0.0252655
0 0.347609 0.555188 0.0201568 0.0304925
0 0.326371 0.611995 0.0171781 0.0230832
0 0.435683 0.160415 0.0153837 0.0243178
0 0.558042 0.66665 0.0139851 0.0238379
0 0.587505 0.518477 0.0130409 0.0203359
0 0.536851 0.409368 0.0143497 0.0240324
0 0.437194 0.678014 0.017978 0.0270114
0 0.625556 0.501799 0.0123082 0.020399
0 0.615693 0.65784 0.0119666 0.0197637
0 0.658917 0.478123 0.0121639 0.0204926
0 0.627236 0.55203 0.0119262 0.0187238
1 0.254962 0.890275 0.0113019 0.0200093
0 0.585277 0.18153 0.0117107 0.0179321
0 0.686579 0.43027 0.0120798 0.0193903
1 0.272342 0.864866 0.0114219 0.0185165
0 0.403923 0.985214 0.0115352 0.0200667
1 0.308557 0.768947 0.00859998 0.0150014
0 0.66813 0.252488 0.0108987 0.0179839
0 0.515692 0.925053 0.0104154 0.0183211
0 0.437035 0.881519 0.0115473 0.0205479
0 0.457123 0.320751 0.0138037 0.0230364
0 0.616279 0.616123 0.0116357 0.0167422
0 0.183237 0.342858 0.0210156 0.0273355
0 0.512758 0.421694 0.0139276 0.0248425
0 0.377333 0.698884 0.0113791 0.0166157
0 0.477496 0.032709 0.00818593 0.0125611
0 0.616675 0.211007 0.011341 0.0180063
0 0.609729 0.697428 0.0103659 0.0178923
0 0.645991 0.536235 0.0101087 0.0179262
0 0.557437 0.181617 0.00940952 0.0125216
0 0.446934 0.802163 0.00973088 0.0147166
0 0.551152 0.20611 0.00975641 0.0160289
0 0.393207 0.725509 0.0113466 0.0160422
0 0.250457 0.240136 0.0260904 0.0363684
0 0.223813 0.3441 0.0148763 0.0213685
0 0.607279 0.48821 0.0104836 0.0162596
0 0.399886 0.580061 0.0153941 0.0251491
0 0.494256 0.417707 0.0177559 0.0244437
0 0.449818 0.542523 0.0107352 0.0155102
1 0.00383083 0.881735 0.00797979 0.0156949
0 0.624488 0.56945 0.0104114 0.0149717
