1 0.116508 0.561293 0.0203146 0.0241888
0 0.329942 0.683622 0.0158633 0.0218895
1 0.0548982 0.624545 0.0144063 0.0169562
0 0.419915 0.484388 0.0138491 0.0203358
0 0.434232 0.0374586 0.018871 0.0336513
0 0.274055 0.571491 0.0149255 0.0202077
0 0.509457 0.176078 0.0164168 0.0286661
0 0.442667 0.535606 0.0159618 0.02517
0 0.428925 0.458336 0.0127154 0.0199594
0 0.418614 0.464641 0.0136422 0.0176149
0 0.418807 0.51316 0.0142862 0.0179596
0 0.322085 0.08082 0.0179527 0.0367831
1 0.175532 0.621706 0.0122822 0.0167067
0 0.683735 0.525261 0.0123676 0.0163006
0 0.656384 0.636617 0.0109648 0.0186211
0 0.65828 0.382199 0.0116795 0.0161951
0 0.645821 0.688408 0.0126129 0.0207638
0 0.691536 0.513821 0.0118431 0.0184026
0 0.659748 0.275903 0.00836042 0.0122024
0 0.492304 0.299716 0.00896829 0.0140999
0 0.563194 0.398293 0.00931155 0.0143148
0 0.553705 0.539889 0.0131041 0.0167
0 0.565684 0.225507 0.00903606 0.0149542
0 0.507343 0.50856 0.013787 0.0212458
0 0.652548 0.280017 0.0085055 0.0121156
1 0.156165 0.617301 0.0119619 0.0151193
0 0.196558 0.238765 0.0223564 0.0335024
0 0.63332 0.258921 0.00708402 0.0113862
0 0.493898 0.54008 0.0184747 0.0269101
0 0.558231 0.278943 0.00994485 0.0146216
0 0.43592 0.575769 0.0150824 0.0227657
0 0.395319 0.160711 0.0152794 0.0246559
0 0.618229 0.728193 0.0133179 0.0149462
0 0.615565 0.712651 0.0139171 0.0182914
0 0.496069 0.237455 0.0109599 0.0187591
0 0.510431 0.800205 0.00935745 0.0152022
