1 0.209894 0.935376 0.0158267 0.0257322
1 0.208791 0.871848 0.0166813 0.0266871
0 0.314744 0.417397 0.0155658 0.0225092
0 0.299971 0.509323 0.0197339 0.0268038
0 0.286545 0.525451 0.0171352 0.0230685
0 0.25773 0.561481 0.0240359 0.0325588
0 0.484762 0.313758 0.0170726 0.0228024
1 0.277925 0.699797 0.0109572 0.0166554
0 0.386564 0.720354 0.014661 0.0220029
0 0.454892 0.820851 0.0113869 0.021726
0 0.624223 0.62457 0.0112523 0.0183764
0 0.549682 0.46189 0.0131119 0.0216878
0 0.341509 0.902452 0.0175383 0.025769
0 0.430714 0.224454 0.0135016 0.0220617
0 0.619823 0.328813 0.0095555 0.0170427
0 0.645524 0.395946 0.0100406 0.0162302
0 0.595842 0.332712 0.0108968 0.0174313
0 0.579184 0.516592 0.0123145 0.0187265
0 0.269526 0.587493 0.0146342 0.0215269
0 0.588717 0.763286 0.012111 0.0204616
0 0.420958 0.634592 0.0123993 0.0189918
0 0.340371 0.953631 0.0155821 0.025176
0 0.426608 0.91555 0.0153375 0.0245605
0 0.426109 0.359817 0.0134584 0.0212169
0 0.244121 0.572526 0.016036 0.0266286
0 0.474863 0.344902 0.0135934 0.0230334
0 0.574344 0.227167 0.0115234 0.0193666
0 0.27819 0.0998719 0.0160892 0.0235773
0 0.530782 0.122581 0.00916026 0.0142059
0 0.558972 0.191856 0.00990416 0.0168088
1 0.186484 0.364948 0.0150503 0.021036
0 0.433869 0.826474 0.0119987 0.0205731
0 0.470329 0.612155 0.0140216 0.0218207
0 0.564451 0.495982 0.0125159 0.0206451
1 0.18742 0.922666 0.00991763 0.016442
0 0.596198 0.556981 0.0151197 0.0216607
0 0.526743 0.40057 0.0113535 0.0175004
0 0.565033 0.335865 0.0110226 0.0177111
0 0.499301 0.618355 0.0119216 0.0218143
0 0.61436 0.966558 0.00977268 0.019097
0 0.413723 0.987819 0.0165111 0.0238451
0 0.294943 0.808205 0.0179347 0.028557
0 0.538751 0.6605 0.0113582 0.0181954
0 0.605711 0.0111877 0.0101493 0.0153711
0 0.489157 0.682738 0.0115893 0.0165595
0 0.604294 0.459555 0.0112997 0.0191321
0 0.502072 0.961078 0.0145158 0.0271492
1 0.147397 0.609495 0.0140765 0.0179743
0 0.571222 0.831539 0.00971889 0.0156288
0 0.561585 0.0551679 0.00897128 0.0146483
0 0.279638 0.630701 0.0173285 0.025035
0 0.601725 0.957526 0.0106616 0.0167438
0 0.513896 0.403604 0.00970771 0.0159069
0 0.433913 0.67199 0.011333 0.0179667
0 0.58273 0.719097 0.0101388 0.014312
0 0.621644 0.812654 0.00983753 0.0139552
1 0.19906 0.227186 0.0155557 0.0240827
0 0.638795 0.595987 0.00976206 0.0149846
0 0.543509 0.444747 0.0103283 0.0157847
0 0.558064 0.0305002 0.0105626 0.0160903
0 0.601445 0.192671 0.00891603 0.0151993
1 0.249309 0.884083 0.0150427 0.0227899
0 0.354741 0.195714 0.0130818 0.0186912
0 0.587395 0.692709 0.0112554 0.017563
