0 0.483107 0.459798 0.0216355 0.0343829
0 0.378449 0.366465 0.0203108 0.0315217
0 0.566614 0.385324 0.0237073 0.0376592
0 0.439905 0.421028 0.0238574 0.0329477
0 0.331518 0.0731699 0.0248353 0.0420382
0 0.409155 0.650351 0.0164315 0.0279374
0 0.439668 0.534168 0.0234125 0.0363732
0 0.437491 0.442487 0.0243176 0.0300029
0 0.680577 0.482323 0.0143908 0.0250896
0 0.534894 0.0129135 0.0151815 0.0241802
0 0.443462 0.246535 0.0174671 0.0265537
0 0.709561 0.370532 0.0148526 0.0245215
0 0.370598 0.258497 0.0172264 0.0262276
0 0.613971 0.0982281 0.0135438 0.0228749
0 0.614409 0.834448 0.0101326 0.0164422
0 0.588972 0.884354 0.010391 0.0177263
0 0.574455 0.954611 0.0121726 0.0215439
0 0.541635 0.881518 0.00989978 0.0166792
0 0.253276 0.131991 0.0214223 0.0332323
0 0.641263 0.635642 0.0089407 0.0144796
0 0.716388 0.212329 0.0164448 0.0272334
0 0.600282 0.0652214 0.00967394 0.0157098
0 0.606682 0.902646 0.00870374 0.013864
0 0.704267 0.258863 0.0150524 0.0234885
0 0.597111 0.24981 0.0122276 0.0194299
0 0.11599 0.321107 0.0325921 0.0315637
0 0.642311 0.606526 0.00875893 0.0131359
0 0.597011 0.835806 0.0102901 0.0147847
0 0.589451 0.21766 0.0201432 0.0314653
0 0.753002 0.292729 0.0203892 0.030264
0 0.423108 0.205447 0.0167521 0.0259036
0 0.621823 0.721892 0.00819607 0.0141152
0 0.552634 0.0139567 0.00813522 0.014137
