0 0.292059 0.685373 0.0229769 0.0346639
0 0.323323 0.466722 0.0255189 0.0369797
1 0.0130014 0.700954 0.0261607 0.0337329
0 0.152001 0.282306 0.0355485 0.0429783
1 0.0849439 0.679385 0.0178228 0.0206323
0 0.14249 0.240858 0.0398346 0.042204
0 0.307711 0.516579 0.0277348 0.0353076
0 0.343388 0.356356 0.0256699 0.0403319
0 0.356148 0.50978 0.0223256 0.0316494
0 0.490513 0.473249 0.017168 0.0268038
0 0.505541 0.555168 0.0161676 0.0225792
0 0.301055 0.162552 0.0287676 0.0459555
0 0.482429 0.59393 0.0171978 0.026009
0 0.556934 0.499993 0.0152922 0.0205766
0 0.545906 0.906047 0.00992692 0.0168199
0 0.522293 0.195697 0.00943019 0.0156219
0 0.512512 0.915302 0.0104329 0.0159278
1 0.20382 0.448048 0.0140825 0.0217753
0 0.506153 0.143492 0.0112588 0.015164
0 0.630029 0.614477 0.0101664 0.0152184
0 0.58552 0.647089 0.0122835 0.0193319
0 0.516305 0.467146 0.0148351 0.0230398
0 0.582387 0.963298 0.00799815 0.0126392
1 0.285145 0.617862 0.0105141 0.0214186
0 0.421403 0.0055685 0.0133526 0.0122381
0 0.60987 0.994267 0.00876223 0.0118488
0 0.554116 0.534184 0.0108971 0.0159361
0 0.458489 0.719671 0.0134855 0.0182379
0 0.538169 0.442158 0.0185184 0.0239277
0 0.564018 0.970965 0.00903155 0.0137876
0 0.633257 0.979869 0.00699272 0.011139
0 0.646527 0.612608 0.00994574 0.0146741
0 0.667351 0.558272 0.0105424 0.0110775
0 0.591076 0.900197 0.00743103 0.0104249
0 0.534406 0.425261 0.0145746 0.0194876
0 0.644438 0.69665 0.00960604 0.0155519
