0 0.520995 0.553046 0.0180942 0.0291507
0 0.627242 0.343018 0.0155038 0.0235707
0 0.51718 0.525733 0.0177635 0.0271899
0 0.60378 0.206421 0.0128345 0.0223261
0 0.226446 0.798879 0.0200235 0.0278401
0 0.581339 0.435483 0.0170806 0.0255706
0 0.620469 0.742592 0.012698 0.0217964
0 0.441624 0.819677 0.0175712 0.0314638
0 0.487366 0.253872 0.0141196 0.0221323
0 0.209113 0.485941 0.0189645 0.0224769
0 0.713942 0.401272 0.0121998 0.0167368
0 0.412233 0.400267 0.0135911 0.0206745
0 0.557152 0.742779 0.0126602 0.0234601
0 0.508169 0.152195 0.0112694 0.0178476
0 0.401364 0.233432 0.013158 0.0235124
0 0.257546 0.712462 0.0163639 0.0218252
0 0.588083 0.410996 0.013032 0.0204539
0 0.635617 0.389922 0.0152905 0.0241681
0 0.42385 0.277564 0.0126985 0.0205635
0 0.65535 0.760691 0.0137992 0.0206356
0 0.540692 0.21746 0.0129987 0.0207724
0 0.572017 0.231969 0.0117494 0.0192302
0 0.674359 0.102603 0.0105951 0.0181492
0 0.677471 0.542908 0.0115728 0.0183005
0 0.603578 0.622248 0.0189812 0.0297502
0 0.499236 0.124206 0.00988938 0.0184807
0 0.683669 0.170074 0.0121889 0.0187627
0 0.701091 0.187113 0.0105016 0.0164409
1 0.0609873 0.649318 0.015359 0.0180448
0 0.610851 0.310399 0.0130788 0.022312
0 0.638992 0.13141 0.0106433 0.0164267
1 0.14873 0.742265 0.0218292 0.0278489
0 0.151066 0.672827 0.0149544 0.0190358
0 0.562064 0.708791 0.0117544 0.0168653
0 0.654773 0.77338 0.0132205 0.0144975
1 0.153763 0.693938 0.014745 0.0175208
0 0.393119 0.415804 0.0122622 0.0179895
0 0.701713 0.201326 0.0110931 0.016337
1 0.314331 0.748823 0.00759052 0.0120866
0 0.68269 0.255508 0.0124074 0.0195412
0 0.461699 0.739224 0.0166974 0.0274787
0 0.613836 0.24951 0.0109594 0.015243
0 0.698697 0.156027 0.00845699 0.0122405
0 0.533968 0.178627 0.0133196 0.0214238
