0 0.362963 0.462556 0.0139609 0.0213655
0 0.401717 0.615516 0.0133073 0.0217365
0 0.367165 0.570336 0.0146177 0.0209723
0 0.346932 0.687728 0.0117284 0.017236
0 0.343532 0.655229 0.0124795 0.0178242
0 0.45804 0.53962 0.0118654 0.0164878
0 0.463556 0.512297 0.0115356 0.0174041
0 0.403295 0.580487 0.0138293 0.0183309
0 0.369445 0.694017 0.0112809 0.0169207
0 0.436789 0.623456 0.0116096 0.0189735
0 0.385034 0.624052 0.0125937 0.0153236
0 0.386786 0.634349 0.0115868 0.0146843
0 0.341831 0.366667 0.0158872 0.0207139
0 0.370921 0.675043 0.0124986 0.016633
0 0.472835 0.533625 0.0104538 0.0141952
0 0.445846 0.681461 0.0120681 0.0180592
0 0.440418 0.569829 0.012021 0.016386
0 0.409648 0.685704 0.0118726 0.0160444
1 0.212782 0.838928 0.0100122 0.0151802
0 0.431601 0.708038 0.0121567 0.01705
0 0.380422 0.338581 0.00920766 0.0136229
0 0.549079 0.512407 0.00887941 0.0105389
