0 0.461315 0.748969 0.0106769 0.0149201
0 0.332143 0.296611 0.0165175 0.0242327
0 0.469185 0.738361 0.0108356 0.0162202
0 0.31467 0.46839 0.0125017 0.0188111
0 0.355332 0.568638 0.0122979 0.0192757
0 0.387066 0.674471 0.0108205 0.0165135
0 0.441764 0.503028 0.0136471 0.0220301
0 0.32131 0.521875 0.0143541 0.0195513
0 0.34458 0.627587 0.0124566 0.0191772
0 0.453597 0.753758 0.00962515 0.0156696
0 0.549341 0.628022 0.00975978 0.0160708
0 0.510858 0.536788 0.010229 0.0166459
0 0.507525 0.339892 0.00990248 0.0159942
0 0.541514 0.388377 0.0087122 0.0151966
0 0.194026 0.589087 0.0159923 0.0220166
0 0.323668 0.736224 0.0128218 0.0200334
0 0.523494 0.96792 0.0109822 0.0152959
0 0.565725 0.598233 0.00935732 0.0140283
0 0.314077 0.446176 0.0127534 0.0191124
0 0.385959 0.503664 0.0125658 0.0211618
0 0.534924 0.681264 0.00908079 0.013123
0 0.418792 0.637859 0.0111691 0.0180544
0 0.317785 0.635866 0.0118463 0.0168984
0 0.460444 0.311091 0.0108839 0.0170245
0 0.396071 0.505342 0.0126657 0.0196307
0 0.326489 0.330878 0.015344 0.0196941
0 0.468342 0.722596 0.00986884 0.0156097
0 0.54184 0.657092 0.0087148 0.0143057
0 0.398255 0.610678 0.0128313 0.0178869
0 0.295507 0.358871 0.0153443 0.0189226
0 0.372817 0.421671 0.0133061 0.0188362
0 0.507731 0.440956 0.0101767 0.0152933
0 0.276884 0.682183 0.0127899 0.0182039
0 0.255234 0.647087 0.0140993 0.0185394
0 0.519129 0.567214 0.00887931 0.0140897
1 0.297152 0.310935 0.0134857 0.0176653
0 0.429037 0.542198 0.0127874 0.0162097
0 0.52188 0.583303 0.00808789 0.011989
0 0.433848 0.37973 0.0117441 0.0160248
0 0.366651 0.594897 0.0120692 0.0196962
0 0.409603 0.507947 0.010594 0.0168722
