0 0.278553 0.468857 0.0169801 0.0250048
0 0.36584 0.345311 0.0140483 0.0195779
0 0.191089 0.671019 0.0207612 0.0287411
0 0.460966 0.370462 0.012283 0.017539
0 0.468099 0.284402 0.0106408 0.0166268
0 0.442744 0.372037 0.0121044 0.0182212
0 0.36935 0.290657 0.0141818 0.0190346
0 0.30044 0.404624 0.0176482 0.0248108
0 0.460135 0.356938 0.0121512 0.013922
0 0.562185 0.334184 0.00906499 0.014898
0 0.409253 0.315704 0.0128123 0.0184563
0 0.377307 0.323528 0.0124187 0.0169032
0 0.498707 0.448482 0.00958659 0.0161012
0 0.37129 0.502647 0.0162581 0.0211994
0 0.280199 0.614994 0.0170166 0.0234668
1 0.138638 0.396951 0.0204715 0.0261379
0 0.366927 0.304837 0.0128024 0.0150212
0 0.438295 0.515717 0.0112605 0.0181216
1 0.126679 0.744419 0.0166416 0.0232064
0 0.584667 0.599754 0.00987403 0.0130274
0 0.445478 0.0761502 0.00882934 0.0133971
0 0.13389 0.557433 0.019547 0.0263141
0 0.466118 0.11837 0.00729453 0.0115665
0 0.486416 0.443345 0.00967414 0.013339
1 0.105699 0.753868 0.0186753 0.0221791
0 0.472241 0.702314 0.00873982 0.0152265
0 0.44411 0.0976542 0.00775957 0.0115685
