0 0.279099 0.472145 0.0141869 0.0202119
0 0.392359 0.50956 0.0120025 0.0177351
0 0.411209 0.607382 0.0120128 0.0192318
0 0.445773 0.503685 0.0112007 0.0176967
0 0.366605 0.601759 0.0130247 0.0191196
0 0.42788 0.401309 0.0129845 0.0178814
0 0.438936 0.691463 0.0101455 0.0160876
0 0.459171 0.616961 0.0106564 0.0174142
0 0.441658 0.676417 0.0101192 0.0160832
0 0.370191 0.326674 0.0116997 0.016124
0 0.475078 0.60904 0.0117888 0.0175128
0 0.442495 0.375566 0.0101781 0.0149916
0 0.483677 0.419816 0.0117858 0.0192594
0 0.465122 0.586412 0.0101355 0.0162944
0 0.355208 0.552618 0.0123419 0.0175376
0 0.386485 0.463768 0.0115494 0.0209599
0 0.457955 0.404455 0.0107945 0.0152527
0 0.43212 0.419045 0.0105192 0.0153556
0 0.451844 0.442229 0.0107149 0.0157557
1 0.250059 0.88311 0.007476 0.0132491
0 0.312716 0.610698 0.0113879 0.0150381
0 0.438203 0.60771 0.0103413 0.0159818
0 0.353998 0.677948 0.0101012 0.0158684
1 0.239745 0.314469 0.0158336 0.0217075
0 0.430583 0.382476 0.0110458 0.0159618
0 0.471422 0.702981 0.00943111 0.0160496
0 0.310068 0.5894 0.0103422 0.0140169
1 0.267538 0.135134 0.00921625 0.0172347
0 0.361139 0.636257 0.0110602 0.0153158
0 0.502605 0.404057 0.0102507 0.0148271
0 0.397371 0.702486 0.00991462 0.0138163
0 0.422073 0.376092 0.0108979 0.0145834
