0 0.345265 0.67105 0.0156313 0.0222755
0 0.383542 0.64524 0.0154794 0.0229371
0 0.446815 0.138373 0.0114341 0.0162806
0 0.438718 0.150764 0.0107757 0.0175527
0 0.348452 0.753249 0.0136968 0.0208676
0 0.523454 0.0271863 0.00984227 0.0173246
0 0.431006 0.162922 0.0110037 0.0172087
0 0.365779 0.0206053 0.0116847 0.0185808
0 0.366029 0.497804 0.015733 0.0219043
0 0.412858 0.146154 0.0106138 0.0172832
0 0.446109 0.125456 0.0105126 0.0146617
0 0.355933 0.0545616 0.0117771 0.0190055
0 0.460896 0.0291524 0.0115554 0.01812
0 0.36637 0.546404 0.0148611 0.021588
0 0.442453 0.448459 0.00954227 0.0139863
0 0.539502 0.0123061 0.00788727 0.0115099
1 0.36483 0.837227 0.00855573 0.0144883
0 0.348985 0.296772 0.00994288 0.0152742
0 0.509691 0.0921207 0.00891616 0.0122035
0 0.411824 0.57697 0.0112328 0.0156671
0 0.454329 0.511916 0.0117781 0.0160002
0 0.518896 0.583021 0.0090586 0.0138897
