1 0.0880616 0.762003 0.0222329 0.0281542
0 0.316363 0.540945 0.0184594 0.0266827
0 0.45385 0.734695 0.0170313 0.0288462
0 0.712413 0.578697 0.0153912 0.0239576
0 0.703572 0.213313 0.0164813 0.0253839
0 0.608835 0.0963493 0.0147524 0.0250956
0 0.233619 0.341718 0.0271616 0.03747
0 0.536775 0.512684 0.0155709 0.0253775
0 0.620035 0.0521354 0.0163486 0.0302254
0 0.568271 0.103819 0.0148438 0.0268998
0 0.438183 0.673293 0.0146611 0.0239462
0 0.529236 0.151157 0.0158527 0.024113
0 0.751902 0.575634 0.0132614 0.0210939
0 0.732618 0.507079 0.0149284 0.0221626
0 0.58801 0.459457 0.0148153 0.0247915
0 0.366118 0.236377 0.0179653 0.0307401
0 0.374111 0.788311 0.0165753 0.0270008
1 0.095232 0.73307 0.0128392 0.0184966
1 0.318808 0.802651 0.0103625 0.017173
0 0.577428 0.74895 0.0200928 0.0324781
0 0.461012 0.217066 0.0162141 0.0252065
0 0.612448 0.174143 0.011435 0.0192887
0 0.578092 0.636368 0.0109456 0.0191642
0 0.660802 0.639318 0.0117002 0.0180624
0 0.557079 0.547976 0.0111959 0.0172994
0 0.557719 0.471582 0.0140083 0.021027
0 0.42212 0.178663 0.0181089 0.0319201
0 0.70402 0.460529 0.0116451 0.0190774
0 0.69916 0.678986 0.0103278 0.0150154
0 0.674912 0.974745 0.0106365 0.0160528
0 0.551957 0.457602 0.0139408 0.0206592
0 0.503865 0.0782191 0.0143574 0.0248425
0 0.679243 0.403583 0.00981058 0.0146855
1 0.276012 0.713891 0.00920979 0.0117606
0 0.462596 0.914088 0.0176358 0.0250599
0 0.743075 0.483182 0.0106286 0.0186517
0 0.699563 0.444594 0.0125637 0.017807
0 0.396412 0.0152357 0.0109957 0.0173349
0 0.449007 0.585006 0.0121497 0.0153012
1 0.429918 0.832795 0.0120767 0.0138201
1 0.342366 0.708242 0.0073247 0.0126898
1 0.286532 0.727387 0.00746622 0.0123846
0 0.761151 0.311069 0.0101864 0.014453
1 0.0883688 0.449924 0.0217824 0.0286352
