1 0.27771 0.274448 0.0124914 0.0201631
0 0.427876 0.454756 0.0112637 0.0172598
0 0.362097 0.527196 0.014492 0.0225189
0 0.441373 0.626447 0.0107074 0.0164789
0 0.493329 0.449009 0.0103016 0.0162223
0 0.344353 0.392983 0.0139033 0.020161
0 0.366993 0.434329 0.0161629 0.0208493
0 0.38905 0.693657 0.0126537 0.0194649
0 0.36863 0.456237 0.0178325 0.0228243
0 0.483941 0.695538 0.00833489 0.0117742
0 0.477899 0.686566 0.00843264 0.0130769
1 0.274546 0.481386 0.00964295 0.0123911
0 0.437416 0.452701 0.0103006 0.0165125
0 0.424809 0.437338 0.0118241 0.0150774
0 0.241562 0.559086 0.0118957 0.0203519
0 0.422451 0.416516 0.0101782 0.0151701
