0 0.488703 0.656536 0.0353349 0.0597083
0 0.551005 0.728452 0.0372247 0.05423
0 0.307307 0.755736 0.0267503 0.0448416
0 0.576615 0.621621 0.0357438 0.0511038
0 0.369688 0.841438 0.0211938 0.0321012
0 0.230396 0.649378 0.0307467 0.044109
0 0.214469 0.869773 0.0287775 0.0415172
0 0.551242 0.514782 0.0379355 0.0418495
0 0.414352 0.260956 0.019944 0.0289359
0 0.534438 0.0583249 0.0119938 0.0218641
0 0.39293 0.763955 0.0305033 0.0456969
0 0.473602 0.179768 0.0163407 0.0276675
0 0.550406 0.54028 0.0308635 0.0319519
0 0.498552 0.344904 0.0252804 0.0363912
0 0.66905 0.546939 0.0368812 0.0479208
0 0.457536 0.685414 0.0267651 0.0420071
0 0.59996 0.814841 0.0336729 0.0462915
0 0.429819 0.15752 0.0161557 0.0271546
0 0.366418 0.145552 0.0137502 0.0200067
0 0.500343 0.107605 0.0124969 0.0197303
0 0.283795 0.197914 0.0199206 0.0324185
1 0.208944 0.301985 0.027303 0.0393975
1 0.236226 0.288519 0.0222739 0.0296787
0 0.476988 0.066576 0.0103544 0.0157885
0 0.500503 0.991307 0.0107246 0.0174452
