0 0.332427 0.119344 0.0185359 0.0283837
0 0.558976 0.610107 0.0131757 0.0224162
0 0.545438 0.449142 0.0157532 0.0247771
0 0.506938 0.334167 0.0146204 0.0234411
0 0.581109 0.375145 0.0155682 0.0244093
0 0.564543 0.411961 0.0151148 0.0239107
0 0.504633 0.971345 0.0141769 0.0262188
0 0.463617 0.422852 0.0179932 0.0276865
0 0.377145 0.173021 0.0123557 0.0192319
0 0.717501 0.554645 0.0134401 0.0200367
0 0.510571 0.309335 0.0138453 0.0233069
0 0.401727 0.387613 0.0148029 0.025258
0 0.481195 0.746282 0.0130455 0.0249214
0 0.415185 0.101149 0.0118394 0.0188592
0 0.518394 0.611287 0.0136615 0.0206388
0 0.587582 0.598083 0.0150653 0.0238772
0 0.589681 0.747427 0.0125233 0.019234
0 0.678132 0.242721 0.00914205 0.0150178
0 0.707957 0.607156 0.0168285 0.0244025
0 0.537783 0.339497 0.0150083 0.0235891
0 0.306239 0.840225 0.0269249 0.0372376
0 0.460959 0.446407 0.015773 0.0210609
0 0.593912 0.182741 0.00978552 0.0137835
0 0.55961 0.662448 0.0115799 0.018989
0 0.645677 0.83518 0.00964584 0.0157701
0 0.625751 0.951296 0.00964616 0.0163511
0 0.439822 0.366943 0.0135323 0.0219637
0 0.450087 0.624245 0.0117429 0.0174638
0 0.652689 0.233001 0.00906251 0.0131268
0 0.537779 0.474504 0.0129969 0.018504
