0 0.291058 0.477186 0.0160976 0.0229793
0 0.287399 0.407921 0.0150001 0.0192071
0 0.296849 0.647129 0.0118766 0.0185807
0 0.394466 0.553223 0.0101629 0.0143522
0 0.361486 0.719586 0.0117237 0.0187143
0 0.396356 0.446132 0.0108687 0.0161978
0 0.389562 0.454075 0.0107229 0.0155423
0 0.409167 0.528777 0.0109099 0.0181701
0 0.394388 0.722278 0.00989142 0.013804
0 0.479104 0.634398 0.00815045 0.0121864
1 0.193128 0.444613 0.0156766 0.0197397
0 0.32705 0.731882 0.0107216 0.0158116
1 0.139996 0.626488 0.0177447 0.0228141
0 0.317461 0.710682 0.00988811 0.0159433
0 0.371899 0.51073 0.00969696 0.0146325
0 0.349907 0.371009 0.0127513 0.0183169
1 0.223148 0.619646 0.0123279 0.0207384
0 0.299369 0.686317 0.010629 0.0155545
0 0.39097 0.466592 0.00968688 0.0129935
1 0.206402 0.453273 0.0130114 0.0178543
0 0.395786 0.126368 0.00887496 0.012336
0 0.306383 0.73285 0.0110483 0.0164939
0 0.517961 0.271225 0.00685393 0.00874954
0 0.493379 0.0238967 0.0071202 0.00876558
0 0.52912 0.903118 0.0058547 0.00877228
