1 0.161926 0.726645 0.017072 0.0211056
0 0.3924 0.222711 0.0238562 0.0435386
0 0.690993 0.437956 0.0183676 0.027961
0 0.575811 0.812145 0.0134916 0.0241467
0 0.551271 0.679307 0.0134145 0.0233895
0 0.574292 0.314145 0.0121523 0.0199667
0 0.552594 0.522157 0.0155094 0.0257529
0 0.614532 0.367442 0.0146126 0.0232488
0 0.59939 0.598976 0.0152498 0.0240539
0 0.426089 0.555065 0.0126039 0.0199959
0 0.523213 0.800448 0.0134867 0.0226037
0 0.4257 0.628095 0.0121051 0.0190908
0 0.473249 0.670616 0.0120243 0.019282
0 0.582233 0.791297 0.0136805 0.0201978
0 0.685035 0.217796 0.00917123 0.0160136
1 0.218177 0.867965 0.0136054 0.0175544
0 0.247942 0.368871 0.0218374 0.0314375
0 0.322463 0.734295 0.0117564 0.0172088
1 0.150896 0.568222 0.0134901 0.0187541
0 0.674535 0.27562 0.0101358 0.0183665
0 0.54447 0.443697 0.0188758 0.0288052
0 0.58555 0.631306 0.0148777 0.0204116
0 0.644117 0.635831 0.0131976 0.0195189
0 0.494625 0.861085 0.0106022 0.0171199
0 0.635065 0.421471 0.0140279 0.0205701
0 0.552188 0.0941515 0.00864951 0.0135068
0 0.44208 0.703595 0.0114892 0.0190574
0 0.561671 0.268352 0.0121312 0.018814
0 0.582079 0.121251 0.00811628 0.0133993
0 0.559272 0.105993 0.00873744 0.0134336
0 0.581093 0.00413599 0.00815678 0.00876534
0 0.553034 0.462016 0.0129567 0.0199966
0 0.622485 0.789112 0.00850875 0.0120749
0 0.563588 0.415687 0.015399 0.025426
1 0.163567 0.709001 0.013395 0.0149793
0 0.345561 0.768902 0.0120481 0.0182758
0 0.555621 0.932893 0.012881 0.0237279
0 0.636061 0.0248986 0.00717246 0.00996396
0 0.427265 0.0372039 0.012203 0.0193338
0 0.672995 0.368977 0.00904547 0.0149385
1 0.268939 0.887252 0.00964642 0.0180936
0 0.642814 0.350928 0.00982367 0.0156435
0 0.48577 0.511339 0.0112326 0.0159272
0 0.643997 0.65751 0.0115915 0.0172098
0 0.527597 0.901301 0.010262 0.0163069
0 0.682631 0.264431 0.00984802 0.0146809
0 0.406851 0.896238 0.00976849 0.0168462
0 0.480206 0.942681 0.00922693 0.0173191
1 0.242569 0.603471 0.00873679 0.0144352
0 0.703174 0.193648 0.0106965 0.01397
1 0.249418 0.627772 0.0090793 0.0166233
0 0.538478 0.798099 0.0114424 0.019045
0 0.467986 0.700019 0.0134621 0.0168842
1 0.039225 0.451415 0.0170615 0.0244681
