0 0.230431 0.493685 0.023176 0.0317058
0 0.335885 0.634963 0.0167095 0.0229294
0 0.250275 0.697685 0.0155689 0.0210508
0 0.365794 0.380375 0.0149698 0.0217987
1 0.292289 0.951111 0.00972665 0.0165099
0 0.43861 0.506726 0.011928 0.0197505
0 0.414616 0.463654 0.0119617 0.0187523
0 0.271243 0.648251 0.0160249 0.0207135
0 0.372093 0.811742 0.0129093 0.0234505
0 0.486557 0.702373 0.0114658 0.018685
0 0.408643 0.929711 0.0115231 0.0191988
0 0.308232 0.319878 0.0145373 0.0228524
0 0.478485 0.402025 0.0112168 0.0185903
0 0.414161 0.882205 0.01054 0.0175051
0 0.479707 0.579106 0.0103726 0.0162228
0 0.455972 0.346646 0.010762 0.0171018
1 0.254132 0.937389 0.00909413 0.0140069
0 0.467866 0.770813 0.010895 0.018935
0 0.538543 0.0100008 0.00984395 0.0169591
0 0.46816 0.720448 0.0112196 0.0166661
0 0.441282 0.320374 0.011049 0.0166003
0 0.278931 0.541599 0.0137718 0.0198214
0 0.362598 0.775515 0.0106912 0.0164285
0 0.401333 0.99138 0.00996399 0.0158851
1 0.272239 0.937617 0.00770486 0.0135847
1 0.291698 0.886736 0.00831833 0.0120004
0 0.550417 0.0345021 0.00869357 0.015144
0 0.479393 0.531096 0.00793505 0.0129774
0 0.473962 0.550466 0.00900303 0.0145299
0 0.346475 0.198843 0.00999657 0.0133362
1 0.301937 0.899491 0.00663411 0.0120138
1 0.317383 0.191262 0.0092837 0.0129526
0 0.459227 0.378519 0.0120414 0.0187976
0 0.533063 0.147964 0.00819744 0.0115029
0 0.519622 0.0104892 0.00874818 0.014526
0 0.217376 0.598194 0.019394 0.0220713
0 0.545672 0.070152 0.00798601 0.0113617
0 0.417755 0.472257 0.0106517 0.013756
0 0.369504 0.244979 0.00973107 0.0167225
0 0.354836 0.608413 0.0132385 0.0172768
0 0.503231 0.00399795 0.010672 0.00884253
1 0.265461 0.82013 0.00976283 0.0157638
0 0.544482 0.062007 0.00758521 0.00831606
0 0.530348 0.0351683 0.00870272 0.0110996
0 0.512207 0.642679 0.00883652 0.0154225
0 0.501862 0.541544 0.00789903 0.0121513
0 0.442941 0.220441 0.00725015 0.0116211
0 0.306055 0.357667 0.01181 0.0196201
1 0.193127 0.951199 0.0102667 0.0181914
0 0.451839 0.229358 0.00791448 0.0116261
0 0.470017 0.763921 0.0104198 0.0146942
1 0.284939 0.90887 0.00690842 0.0103527
1 0.287288 0.896026 0.00625194 0.0110259
0 0.544438 0.0292726 0.00829188 0.0110924
1 0.274188 0.139336 0.010476 0.0157657
