1 0.149644 0.52243 0.0148341 0.0198377
0 0.395437 0.818459 0.0148442 0.025609
0 0.33459 0.383635 0.0133151 0.0200104
0 0.503836 0.440482 0.0102129 0.0167568
0 0.366958 0.678149 0.0125983 0.01879
0 0.289983 0.510967 0.013861 0.0173819
0 0.327942 0.473745 0.0128113 0.0195966
1 0.217206 0.815896 0.0170006 0.0263747
0 0.329787 0.397106 0.0118414 0.0164036
0 0.329781 0.397047 0.0117819 0.0164779
0 0.331328 0.737331 0.0142957 0.0199081
0 0.39276 0.693342 0.0151162 0.0230092
0 0.350146 0.0514044 0.0117781 0.0193832
0 0.513642 0.577986 0.0106186 0.0186726
0 0.538476 0.616597 0.0101415 0.015689
0 0.408407 0.385583 0.0109558 0.016198
0 0.500411 0.587082 0.0115232 0.0193988
0 0.452221 0.0919341 0.0103779 0.017905
0 0.496109 0.681671 0.00970043 0.0174607
0 0.481988 0.577487 0.010906 0.0176006
0 0.376843 0.069808 0.0129447 0.0181962
0 0.460456 0.479777 0.0111959 0.017686
0 0.458967 0.437182 0.00998564 0.0165942
0 0.386851 0.787696 0.0106067 0.0167247
0 0.516947 0.12367 0.00803614 0.0122686
0 0.397761 0.304427 0.0106181 0.0176566
0 0.339964 0.148428 0.013623 0.0197819
0 0.378499 0.285538 0.0102281 0.0153571
0 0.389968 0.496061 0.00983314 0.0139826
1 0.188581 0.504385 0.0147666 0.0201069
0 0.420161 0.492256 0.0121632 0.0196421
1 0.295983 0.260979 0.010028 0.0138393
0 0.31713 0.53749 0.0105996 0.0155122
1 0.31118 0.280126 0.009327 0.0142333
1 0.194871 0.756556 0.0152328 0.0234638
0 0.436308 0.00581392 0.0111428 0.0120463
0 0.37049 0.00718235 0.0126521 0.0149642
0 0.317314 0.460594 0.011956 0.0149799
1 0.264681 0.218183 0.0107355 0.0174617
0 0.399882 0.279158 0.0104039 0.0163211
1 0.284726 0.21984 0.00955369 0.0188654
0 0.222694 0.570268 0.0105012 0.0144362
0 0.43214 0.469768 0.0111677 0.0156194
0 0.29697 0.0461194 0.0104733 0.0186387
0 0.505306 0.0376841 0.00788784 0.0112719
0 0.499755 0.605216 0.00847562 0.0130557
0 0.454728 0.468604 0.00988617 0.014358
0 0.475947 0.0398309 0.00873578 0.0116156
