1 0.0769247 0.517831 0.0199246 0.0233769
0 0.377968 0.764002 0.019894 0.0321477
0 0.310668 0.172371 0.0211678 0.0327021
0 0.416557 0.556091 0.0185586 0.0302926
0 0.463854 0.54392 0.0155524 0.0230266
0 0.38826 0.586353 0.0207365 0.0298164
0 0.383907 0.497245 0.0175754 0.0260557
0 0.291844 0.221616 0.0173042 0.0264069
0 0.362414 0.876131 0.0183197 0.0307775
0 0.448872 0.734006 0.0183723 0.0304774
0 0.62942 0.364538 0.0109978 0.0196506
0 0.436518 0.314347 0.0138189 0.0208819
0 0.536591 0.58472 0.0108955 0.0167516
0 0.368855 0.831991 0.0189698 0.0310961
0 0.495151 0.321213 0.0138624 0.0207089
0 0.209618 0.666134 0.0217077 0.0296187
0 0.518163 0.522714 0.0118028 0.0178512
0 0.637733 0.499817 0.011179 0.0166336
0 0.622218 0.588427 0.0103042 0.0168227
0 0.521482 0.290735 0.0125137 0.0163882
0 0.560438 0.821109 0.00941696 0.0166051
0 0.551621 0.458836 0.0124631 0.0182391
0 0.591231 0.633819 0.0106308 0.0168804
0 0.260411 0.330135 0.0172347 0.0264913
0 0.277947 0.209824 0.0162786 0.0261556
0 0.348107 0.841627 0.019393 0.0342907
0 0.492887 0.358521 0.0138817 0.0202429
0 0.565775 0.457655 0.0111881 0.0192494
0 0.33355 0.365317 0.0154197 0.0227926
0 0.5843 0.365487 0.013513 0.0218412
0 0.307921 0.650529 0.0119519 0.021783
0 0.464839 0.0124242 0.0115108 0.021217
0 0.465145 0.48513 0.0169302 0.0252412
0 0.480076 0.277175 0.0134999 0.020564
1 0.212928 0.784097 0.0109885 0.0177312
0 0.444663 0.0916476 0.00939703 0.0177482
0 0.513406 0.497419 0.0124489 0.0173358
0 0.229639 0.151119 0.0176032 0.0265168
0 0.645766 0.575771 0.0109847 0.0156138
0 0.294524 0.569817 0.01733 0.0269741
0 0.633253 0.488749 0.0102854 0.015279
0 0.556496 0.43447 0.0116835 0.0171316
0 0.60807 0.772431 0.00994803 0.0132507
0 0.531103 0.415362 0.0147736 0.0213332
0 0.410138 0.78176 0.0214046 0.0255197
0 0.330775 0.488621 0.0183522 0.0234632
0 0.65378 0.620594 0.0086757 0.0122847
0 0.549674 0.514417 0.0124291 0.0199942
1 0.130991 0.728963 0.0177679 0.0262826
0 0.474251 0.243368 0.0105448 0.0176346
0 0.520331 0.251241 0.0102774 0.0188491
0 0.655468 0.566473 0.00981248 0.0160413
0 0.628922 0.390545 0.00796852 0.0129638
0 0.554023 0.850585 0.0110226 0.0197122
0 0.545896 0.039816 0.00702044 0.011106
0 0.44842 0.704382 0.0212429 0.0305984
0 0.652246 0.543398 0.00827764 0.0127077
0 0.580768 0.533994 0.0101391 0.0141507
0 0.575883 0.808818 0.00788403 0.0119427
0 0.475448 0.311317 0.0119184 0.0183284
0 0.421974 0.391842 0.0144457 0.0240855
0 0.281183 0.181655 0.0164045 0.0234183
0 0.334894 0.281271 0.0114257 0.0164223
0 0.203248 0.309393 0.0148124 0.0284081
0 0.44701 0.144746 0.00887299 0.0138994
0 0.595969 0.524316 0.0101348 0.0159753
0 0.549415 0.597793 0.0089166 0.0136405
