0 0.38314 0.592772 0.0223496 0.0352707
0 0.36577 0.12952 0.0200474 0.0347599
0 0.319972 0.700923 0.0212304 0.0303294
0 0.341073 0.210182 0.0178166 0.0259552
0 0.419811 0.18751 0.0161319 0.0266635
0 0.658063 0.343375 0.0142618 0.0224333
0 0.502699 0.113219 0.0134172 0.0230922
0 0.515115 0.523782 0.013268 0.022581
0 0.41385 0.927927 0.0133354 0.0214952
0 0.579524 0.156251 0.0122437 0.0197351
0 0.347281 0.887017 0.0122869 0.0172331
0 0.525937 0.251431 0.012577 0.0221722
0 0.42989 0.299711 0.0174664 0.025085
0 0.493905 0.263631 0.0127043 0.0227698
0 0.610276 0.255987 0.0118291 0.019688
0 0.386804 0.957987 0.0130728 0.0230702
0 0.621218 0.386639 0.0124294 0.0211763
0 0.544202 0.124425 0.0122245 0.0219323
0 0.505222 0.37478 0.0128603 0.0208177
0 0.552661 0.314244 0.0120649 0.0183162
0 0.467819 0.889731 0.012584 0.0211588
0 0.488762 0.295526 0.0132103 0.0221597
0 0.518149 0.275581 0.01273 0.0213236
0 0.515995 0.711866 0.0115523 0.0218619
0 0.400943 0.919787 0.0137957 0.0195134
0 0.567205 0.697737 0.013738 0.0230704
0 0.625469 0.180867 0.0102262 0.017636
0 0.623089 0.410262 0.0135265 0.0221883
0 0.628402 0.293168 0.0117278 0.0169853
0 0.588557 0.428336 0.0123402 0.0185054
0 0.651939 0.852775 0.0100031 0.0151006
0 0.516686 0.0466471 0.0137365 0.0198184
0 0.586558 0.674956 0.0126667 0.0197833
0 0.622425 0.277138 0.0108825 0.0165956
0 0.627445 0.54197 0.0114677 0.0180351
0 0.652013 0.448709 0.0104923 0.0180584
0 0.332454 0.531134 0.0184955 0.0323423
0 0.560513 0.44554 0.0105397 0.0151939
1 0.147635 0.917502 0.0108548 0.021038
0 0.636912 0.38311 0.0137733 0.0230638
0 0.647089 0.166496 0.0109938 0.0176876
0 0.594914 0.139705 0.00904496 0.016301
1 0.00583152 0.391479 0.0122759 0.0217542
0 0.492814 0.223767 0.0119134 0.0194466
0 0.584252 0.762087 0.00889339 0.0144984
0 0.407406 0.0617356 0.0112952 0.0168904
0 0.675858 0.499489 0.00922979 0.0149289
1 0.0118664 0.395923 0.0217938 0.0284206
0 0.401661 0.988896 0.00991634 0.0170681
