0 0.477325 0.0822177 0.0166408 0.0300241
0 0.516927 0.0603341 0.0161154 0.0279628
0 0.680233 0.713956 0.0178822 0.0280411
0 0.455916 0.533272 0.0146723 0.0217824
0 0.434647 0.138998 0.0125414 0.0202943
0 0.754973 0.544922 0.0150884 0.0223816
0 0.450267 0.0512412 0.0147464 0.0266491
1 0.247276 0.977014 0.0123844 0.020189
0 0.477558 0.585315 0.0131149 0.0197563
0 0.531462 0.188312 0.0128431 0.0223133
0 0.692529 0.0954164 0.0158489 0.0297966
0 0.453916 0.437302 0.0146009 0.0238525
0 0.516874 0.978346 0.012241 0.0223237
0 0.4146 0.413858 0.0147284 0.0226669
0 0.573781 0.951847 0.0121144 0.0235142
0 0.639607 0.321837 0.0125308 0.0182155
0 0.538594 0.816765 0.0128389 0.0221203
0 0.689835 0.635083 0.0121047 0.0193593
0 0.634638 0.744819 0.0137652 0.0239458
0 0.556051 0.84055 0.012395 0.019865
0 0.66713 0.800015 0.0151648 0.0259958
0 0.628372 0.842368 0.012546 0.0242057
0 0.846459 0.443847 0.020236 0.0245433
0 0.608927 0.412926 0.0106776 0.013138
1 0.00597958 0.450213 0.0126103 0.0299152
0 0.68818 0.79939 0.0134024 0.0229142
0 0.634623 0.950988 0.00990283 0.0174209
0 0.579026 0.992798 0.0107351 0.014195
0 0.605296 0.398752 0.00973212 0.0145206
0 0.194656 0.338315 0.0209556 0.0326415
0 0.69504 0.625482 0.0113765 0.0179424
0 0.446006 0.830599 0.0115224 0.0193914
0 0.327353 0.597586 0.0165764 0.0223094
0 0.639929 0.210612 0.0155854 0.0241917
0 0.46693 0.457526 0.01246 0.0234979
0 0.648768 0.419314 0.0107683 0.0130606
0 0.584686 0.340532 0.0115731 0.0187457
0 0.212733 0.661708 0.0181571 0.0243086
